FrameLayout 0.5 0.475 1.0 0.95
View 0.5 0.475 1.0 0.95
FrameLayout 0.5 0.055078125 1.0 0.05859375
View 0.5 0.055078125 1.0 0.05859375
LinearLayout 0.16125 0.055078125 0.295 0.05859375
FrameLayout 0.06125 0.055078125 0.095 0.05859375
ImageView 0.061875 0.055078125 0.08125 0.05078125
LinearLayout 0.20875 0.055078125 0.2 0.02578125
TextView 0.201875 0.055078125 0.18625 0.02578125
FrameLayout 0.5 0.5171875 1.0 0.865625
LinearLayout 0.5 0.5171875 1.0 0.865625
LinearLayout 0.5 0.5171875 1.0 0.865625
LinearLayout 0.5 0.5171875 1.0 0.865625
ListView 0.5 0.5171875 0.8925 0.7984375
LinearLayout 0.5 0.087890625 0.8925 0.06640625
LinearLayout 0.883125 0.087890625 0.09375 0.06640625
LinearLayout 0.5 0.155078125 0.8925 0.06640625
RelativeLayout 0.451875 0.1546875 0.76875 0.059375
TextView 0.221875 0.144140625 0.30875 0.02578125
TextView 0.184375 0.167578125 0.23375 0.02109375
LinearLayout 0.883125 0.155078125 0.09375 0.06640625
CheckBox 0.883125 0.155078125 0.05375 0.03359375
LinearLayout 0.5 0.222265625 0.8925 0.06640625
RelativeLayout 0.451875 0.221875 0.76875 0.059375
TextView 0.235625 0.211328125 0.33625 0.02578125
TextView 0.230625 0.234765625 0.32625 0.02109375
LinearLayout 0.883125 0.222265625 0.09375 0.06640625
CheckBox 0.883125 0.222265625 0.05375 0.03359375
LinearLayout 0.5 0.289453125 0.8925 0.06640625
RelativeLayout 0.451875 0.2890625 0.76875 0.059375
TextView 0.2325 0.278515625 0.33 0.02578125
TextView 0.2275 0.301953125 0.32 0.02109375
LinearLayout 0.883125 0.289453125 0.09375 0.06640625
CheckBox 0.883125 0.289453125 0.05375 0.03359375
LinearLayout 0.5 0.356640625 0.8925 0.06640625
RelativeLayout 0.451875 0.35625 0.76875 0.059375
TextView 0.28125 0.345703125 0.4275 0.02578125
TextView 0.265625 0.369140625 0.39625 0.02109375
LinearLayout 0.883125 0.356640625 0.09375 0.06640625
CheckBox 0.883125 0.356640625 0.05375 0.03359375
LinearLayout 0.5 0.423828125 0.8925 0.06640625
RelativeLayout 0.451875 0.4234375 0.76875 0.059375
TextView 0.2875 0.412890625 0.44 0.02578125
TextView 0.233125 0.436328125 0.33125 0.02109375
LinearLayout 0.883125 0.423828125 0.09375 0.06640625
CheckBox 0.883125 0.423828125 0.05375 0.03359375
LinearLayout 0.5 0.491015625 0.8925 0.06640625
RelativeLayout 0.451875 0.490625 0.76875 0.059375
TextView 0.32375 0.480078125 0.5125 0.02578125
TextView 0.395625 0.503515625 0.65625 0.02109375
LinearLayout 0.883125 0.491015625 0.09375 0.06640625
CheckBox 0.883125 0.491015625 0.05375 0.03359375
LinearLayout 0.5 0.558203125 0.8925 0.06640625
RelativeLayout 0.451875 0.5578125 0.76875 0.059375
TextView 0.204375 0.547265625 0.27375 0.02578125
TextView 0.20875 0.570703125 0.2825 0.02109375
LinearLayout 0.883125 0.558203125 0.09375 0.06640625
CheckBox 0.883125 0.558203125 0.05375 0.03359375
TextView 0.5 0.608984375 0.8925 0.03359375
LinearLayout 0.5 0.665234375 0.8925 0.07734375
RelativeLayout 0.49875 0.665234375 0.8625 0.07734375
TextView 0.215 0.645703125 0.295 0.02578125
TextView 0.491875 0.678125 0.84875 0.0390625
LinearLayout 0.5 0.743359375 0.8925 0.07734375
RelativeLayout 0.49875 0.743359375 0.8625 0.07734375
TextView 0.2075 0.723828125 0.28 0.02578125
TextView 0.491875 0.75625 0.84875 0.0390625
LinearLayout 0.5 0.816015625 0.8925 0.06640625
RelativeLayout 0.451875 0.815625 0.76875 0.059375
TextView 0.22875 0.805078125 0.3225 0.02578125
TextView 0.248125 0.828515625 0.36125 0.02109375
LinearLayout 0.883125 0.816015625 0.09375 0.06640625
CheckBox 0.883125 0.816015625 0.05375 0.03359375
LinearLayout 0.5 0.883203125 0.8925 0.06640625
RelativeLayout 0.451875 0.8828125 0.76875 0.059375
TextView 0.225 0.872265625 0.315 0.02578125
TextView 0.26125 0.895703125 0.3875 0.02109375
LinearLayout 0.883125 0.883203125 0.09375 0.06640625
CheckBox 0.883125 0.883203125 0.05375 0.03359375
