FrameLayout 0.5 0.475 1.0 0.95
View 0.5 0.475 1.0 0.95
FrameLayout 0.5 0.055078125 1.0 0.05859375
View 0.5 0.055078125 1.0 0.05859375
LinearLayout 0.160625 0.055078125 0.29375 0.05859375
FrameLayout 0.060625 0.055078125 0.09375 0.05859375
ImageView 0.06 0.0546875 0.08 0.05
LinearLayout 0.2075 0.055078125 0.2 0.02578125
TextView 0.200625 0.055078125 0.18625 0.02578125
FrameLayout 0.5 0.5171875 1.0 0.865625
ScrollView 0.5 0.5171875 1.0 0.865625
TableLayout 0.5 0.506640625 1.0 0.88671875
EditText 0.5 0.105078125 1.0 0.04140625
CheckBox 0.5 0.142578125 1.0 0.03359375
CheckBox 0.5 0.176171875 1.0 0.03359375
CheckBox 0.5 0.209765625 1.0 0.03359375
CheckBox 0.5 0.243359375 1.0 0.03359375
CheckBox 0.5 0.276953125 1.0 0.03359375
TextView 0.5 0.304296875 1.0 0.02109375
SeekBar 0.5 0.331640625 0.89 0.03359375
CheckBox 0.5 0.376953125 1.0 0.03359375
CheckBox 0.5 0.410546875 1.0 0.03359375
TextView 0.5 0.437890625 1.0 0.02109375
LinearLayout 0.5 0.476953125 1.0 0.03359375
TextView 0.0525 0.476953125 0.105 0.02109375
SeekBar 0.54375 0.476953125 0.8025 0.03359375
CheckBox 0.5 0.544921875 1.0 0.03359375
Button 0.5 0.60546875 1.0 0.05
EditText 0.5 0.651171875 1.0 0.04140625
CheckBox 0.5 0.700390625 1.0 0.03359375
CheckBox 0.5 0.733984375 1.0 0.03359375
CheckBox 0.5 0.767578125 1.0 0.03359375
Button 0.5 0.82109375 1.0 0.05
EditText 0.5 0.866796875 1.0 0.04140625
TextView 0.5 0.909765625 1.0 0.02109375
RadioGroup 0.5 0.945703125 1.0 0.00859375
RadioButton 0.153125 0.945703125 0.17375 0.00859375
