FrameLayout 0.5 0.475 1.0 0.95
View 0.5 0.475 1.0 0.95
FrameLayout 0.5 0.055078125 1.0 0.05859375
View 0.5 0.055078125 1.0 0.05859375
LinearLayout 0.16125 0.055078125 0.295 0.05859375
FrameLayout 0.06125 0.055078125 0.095 0.05859375
ImageView 0.061875 0.055078125 0.08125 0.05078125
LinearLayout 0.20875 0.055078125 0.2 0.02578125
TextView 0.201875 0.055078125 0.18625 0.02578125
FrameLayout 0.5 0.5171875 1.0 0.865625
LinearLayout 0.5 0.5171875 1.0 0.865625
LinearLayout 0.5 0.5171875 1.0 0.865625
LinearLayout 0.5 0.5171875 1.0 0.865625
ListView 0.5 0.5171875 0.8925 0.7984375
TextView 0.5 0.134765625 0.8925 0.03359375
LinearLayout 0.5 0.185546875 0.8925 0.06640625
RelativeLayout 0.451875 0.18515625 0.76875 0.059375
TextView 0.16 0.174609375 0.185 0.02578125
TextView 0.243125 0.198046875 0.35125 0.02109375
LinearLayout 0.883125 0.185546875 0.09375 0.06640625
CheckBox 0.883125 0.185546875 0.05375 0.03359375
LinearLayout 0.5 0.252734375 0.8925 0.06640625
RelativeLayout 0.451875 0.25234375 0.76875 0.059375
TextView 0.173125 0.241796875 0.21125 0.02578125
TextView 0.42125 0.265234375 0.7075 0.02109375
LinearLayout 0.883125 0.252734375 0.09375 0.06640625
CheckBox 0.883125 0.252734375 0.05375 0.03359375
LinearLayout 0.5 0.319921875 0.8925 0.06640625
RelativeLayout 0.49875 0.31953125 0.8625 0.059375
TextView 0.216875 0.308984375 0.29875 0.02578125
TextView 0.179375 0.332421875 0.22375 0.02109375
LinearLayout 0.5 0.387109375 0.8925 0.06640625
RelativeLayout 0.451875 0.38671875 0.76875 0.059375
TextView 0.22625 0.376171875 0.3175 0.02578125
TextView 0.189375 0.399609375 0.24375 0.02109375
LinearLayout 0.883125 0.387109375 0.09375 0.06640625
CheckBox 0.883125 0.387109375 0.05375 0.03359375
LinearLayout 0.5 0.454296875 0.8925 0.06640625
RelativeLayout 0.451875 0.45390625 0.76875 0.059375
TextView 0.221875 0.443359375 0.30875 0.02578125
TextView 0.184375 0.466796875 0.23375 0.02109375
LinearLayout 0.883125 0.454296875 0.09375 0.06640625
CheckBox 0.883125 0.454296875 0.05375 0.03359375
LinearLayout 0.5 0.521484375 0.8925 0.06640625
RelativeLayout 0.451875 0.52109375 0.76875 0.059375
TextView 0.235625 0.510546875 0.33625 0.02578125
TextView 0.230625 0.533984375 0.32625 0.02109375
LinearLayout 0.883125 0.521484375 0.09375 0.06640625
CheckBox 0.883125 0.521484375 0.05375 0.03359375
LinearLayout 0.5 0.588671875 0.8925 0.06640625
RelativeLayout 0.451875 0.58828125 0.76875 0.059375
TextView 0.2325 0.577734375 0.33 0.02578125
TextView 0.2275 0.601171875 0.32 0.02109375
LinearLayout 0.883125 0.588671875 0.09375 0.06640625
CheckBox 0.883125 0.588671875 0.05375 0.03359375
LinearLayout 0.5 0.655859375 0.8925 0.06640625
RelativeLayout 0.451875 0.65546875 0.76875 0.059375
TextView 0.28125 0.644921875 0.4275 0.02578125
TextView 0.230625 0.668359375 0.32625 0.02109375
LinearLayout 0.883125 0.655859375 0.09375 0.06640625
CheckBox 0.883125 0.655859375 0.05375 0.03359375
LinearLayout 0.5 0.723046875 0.8925 0.06640625
RelativeLayout 0.451875 0.72265625 0.76875 0.059375
TextView 0.2875 0.712109375 0.44 0.02578125
TextView 0.355625 0.735546875 0.57625 0.02109375
LinearLayout 0.883125 0.723046875 0.09375 0.06640625
CheckBox 0.883125 0.723046875 0.05375 0.03359375
LinearLayout 0.5 0.790234375 0.8925 0.06640625
RelativeLayout 0.451875 0.78984375 0.76875 0.059375
TextView 0.32375 0.779296875 0.5125 0.02578125
TextView 0.27625 0.802734375 0.4175 0.02109375
LinearLayout 0.883125 0.790234375 0.09375 0.06640625
CheckBox 0.883125 0.790234375 0.05375 0.03359375
LinearLayout 0.5 0.857421875 0.8925 0.06640625
RelativeLayout 0.451875 0.85703125 0.76875 0.059375
TextView 0.204375 0.846484375 0.27375 0.02578125
TextView 0.20875 0.869921875 0.2825 0.02109375
LinearLayout 0.883125 0.857421875 0.09375 0.06640625
CheckBox 0.883125 0.857421875 0.05375 0.03359375
TextView 0.5 0.908203125 0.8925 0.03359375
