FrameLayout 0.5 0.475 1.0 0.95
View 0.5 0.475 1.0 0.95
FrameLayout 0.5 0.055078125 1.0 0.05859375
View 0.5 0.055078125 1.0 0.05859375
LinearLayout 0.160625 0.055078125 0.29375 0.05859375
FrameLayout 0.060625 0.055078125 0.09375 0.05859375
ImageView 0.06 0.0546875 0.08 0.05
LinearLayout 0.2075 0.055078125 0.2 0.02578125
TextView 0.200625 0.055078125 0.18625 0.02578125
FrameLayout 0.5 0.5171875 1.0 0.865625
ScrollView 0.5 0.5171875 1.0 0.865625
TableLayout 0.5 0.516796875 1.0 0.86640625
TextView 0.5 0.094140625 1.0 0.02109375
EditText 0.5 0.125390625 1.0 0.04140625
CheckBox 0.5 0.162890625 1.0 0.03359375
CheckBox 0.5 0.196484375 1.0 0.03359375
CheckBox 0.5 0.230078125 1.0 0.03359375
CheckBox 0.5 0.263671875 1.0 0.03359375
TextView 0.5 0.291015625 1.0 0.02109375
LinearLayout 0.5 0.318359375 1.0 0.03359375
TextView 0.0525 0.318359375 0.105 0.02109375
SeekBar 0.54375 0.318359375 0.8025 0.03359375
TextView 0.5 0.345703125 1.0 0.02109375
RadioGroup 0.5 0.437109375 1.0 0.16171875
RadioButton 0.141875 0.383203125 0.21625 0.03359375
RadioButton 0.164375 0.437109375 0.26125 0.03359375
RadioButton 0.14125 0.491015625 0.215 0.03359375
CheckBox 0.5 0.534765625 1.0 0.03359375
CheckBox 0.5 0.568359375 1.0 0.03359375
TextView 0.5 0.595703125 1.0 0.02109375
SeekBar 0.5 0.623046875 0.89 0.03359375
Button 0.5 0.68359375 1.0 0.05
EditText 0.5 0.729296875 1.0 0.04140625
CheckBox 0.5 0.778515625 1.0 0.03359375
CheckBox 0.5 0.812109375 1.0 0.03359375
CheckBox 0.5 0.845703125 1.0 0.03359375
Button 0.5 0.89921875 1.0 0.05
EditText 0.5 0.937109375 1.0 0.02578125
