FrameLayout 0.5 0.475 1.0 0.95
View 0.5 0.475 1.0 0.95
FrameLayout 0.5 0.055078125 1.0 0.05859375
View 0.5 0.055078125 1.0 0.05859375
LinearLayout 0.175625 0.055078125 0.32375 0.05859375
FrameLayout 0.060625 0.055078125 0.09375 0.05859375
ImageView 0.06 0.0546875 0.08 0.05
LinearLayout 0.2225 0.055078125 0.23 0.02578125
TextView 0.215625 0.055078125 0.21625 0.02578125
FrameLayout 0.5 0.5171875 1.0 0.865625
LinearLayout 0.5 0.178125 1.0 0.1875
LinearLayout 0.5 0.105078125 1.0 0.04140625
TextView 0.083125 0.105078125 0.16625 0.04140625
EditText 0.583125 0.107421875 0.83375 0.04140625
View 0.5 0.126171875 1.0 0.00078125
LinearLayout 0.5 0.147265625 1.0 0.04140625
TextView 0.083125 0.147265625 0.16625 0.04140625
EditText 0.583125 0.149609375 0.83375 0.04140625
View 0.5 0.168359375 1.0 0.00078125
LinearLayout 0.5 0.189453125 1.0 0.04140625
TextView 0.083125 0.189453125 0.16625 0.04140625
EditText 0.583125 0.191796875 0.83375 0.04140625
View 0.5 0.210546875 1.0 0.00078125
LinearLayout 0.5 0.24140625 1.0 0.0609375
Button 0.345625 0.24140625 0.16625 0.05
Button 0.499375 0.24140625 0.10625 0.05
Button 0.653125 0.24140625 0.16625 0.05
