FrameLayout 0.5 0.475 1.0 0.95
View 0.5 0.475 1.0 0.95
FrameLayout 0.5 0.055078125 1.0 0.05859375
View 0.5 0.055078125 1.0 0.05859375
LinearLayout 0.360625 0.055078125 0.69375 0.05859375
FrameLayout 0.060625 0.055078125 0.09375 0.05859375
ImageView 0.06 0.0546875 0.08 0.05
LinearLayout 0.4075 0.055078125 0.6 0.02578125
TextView 0.400625 0.055078125 0.58625 0.02578125
FrameLayout 0.5 0.5171875 1.0 0.865625
LinearLayout 0.5 0.5171875 1.0 0.865625
ListView 0.5 0.5171875 1.0 0.865625
LinearLayout 0.5 0.119921875 1.0 0.07109375
TextView 0.5 0.119921875 0.9325 0.02890625
LinearLayout 0.5 0.191796875 1.0 0.07109375
TextView 0.5 0.191796875 0.9325 0.02890625
LinearLayout 0.5 0.263671875 1.0 0.07109375
TextView 0.5 0.263671875 0.9325 0.02890625
LinearLayout 0.5 0.335546875 1.0 0.07109375
TextView 0.5 0.335546875 0.9325 0.02890625
LinearLayout 0.5 0.407421875 1.0 0.07109375
TextView 0.5 0.407421875 0.9325 0.02890625
LinearLayout 0.5 0.479296875 1.0 0.07109375
TextView 0.5 0.479296875 0.9325 0.02890625
