FrameLayout 0.5 0.475 1.0 0.95
View 0.5 0.475 1.0 0.95
FrameLayout 0.5 0.055078125 1.0 0.05859375
View 0.5 0.055078125 1.0 0.05859375
LinearLayout 0.21875 0.055078125 0.4375 0.05859375
FrameLayout 0.05375 0.055078125 0.1075 0.05859375
ImageView 0.013125 0.055078125 0.02625 0.01640625
ImageView 0.06 0.0546875 0.08 0.05
LinearLayout 0.2725 0.055078125 0.33 0.02578125
TextView 0.265625 0.055078125 0.31625 0.02578125
LinearLayout 0.946875 0.055078125 0.10625 0.05859375
ImageButton 0.946875 0.055078125 0.10625 0.05859375
FrameLayout 0.5 0.5171875 1.0 0.865625
RelativeLayout 0.5 0.5171875 1.0 0.865625
ListView 0.5 0.5171875 0.9475 0.8328125
LinearLayout 0.5 0.130078125 0.9475 0.05859375
ImageView 0.068125 0.130078125 0.06625 0.04140625
TextView 0.515 0.130078125 0.81 0.05234375
CheckBox 0.946875 0.120703125 0.05375 0.03359375
LinearLayout 0.5 0.189453125 0.9475 0.05859375
ImageView 0.068125 0.189453125 0.06625 0.04140625
TextView 0.515 0.189453125 0.81 0.05234375
CheckBox 0.946875 0.180078125 0.05375 0.03359375
LinearLayout 0.5 0.248828125 0.9475 0.05859375
ImageView 0.068125 0.248828125 0.06625 0.04140625
TextView 0.515 0.248828125 0.81 0.05234375
CheckBox 0.946875 0.239453125 0.05375 0.03359375
LinearLayout 0.5 0.308203125 0.9475 0.05859375
ImageView 0.068125 0.308203125 0.06625 0.04140625
TextView 0.515 0.308203125 0.81 0.05234375
CheckBox 0.946875 0.298828125 0.05375 0.03359375
LinearLayout 0.5 0.367578125 0.9475 0.05859375
ImageView 0.068125 0.367578125 0.06625 0.04140625
TextView 0.515 0.367578125 0.81 0.05234375
CheckBox 0.946875 0.358203125 0.05375 0.03359375
LinearLayout 0.5 0.426953125 0.9475 0.05859375
ImageView 0.068125 0.426953125 0.06625 0.04140625
TextView 0.515 0.426953125 0.81 0.05234375
CheckBox 0.946875 0.417578125 0.05375 0.03359375
LinearLayout 0.5 0.486328125 0.9475 0.05859375
ImageView 0.068125 0.486328125 0.06625 0.04140625
TextView 0.515 0.486328125 0.81 0.05234375
CheckBox 0.946875 0.476953125 0.05375 0.03359375
LinearLayout 0.5 0.545703125 0.9475 0.05859375
ImageView 0.068125 0.545703125 0.06625 0.04140625
TextView 0.515 0.545703125 0.81 0.05234375
CheckBox 0.946875 0.536328125 0.05375 0.03359375
LinearLayout 0.5 0.605078125 0.9475 0.05859375
ImageView 0.068125 0.605078125 0.06625 0.04140625
TextView 0.515 0.605078125 0.81 0.05234375
CheckBox 0.946875 0.595703125 0.05375 0.03359375
LinearLayout 0.5 0.664453125 0.9475 0.05859375
ImageView 0.068125 0.664453125 0.06625 0.04140625
TextView 0.515 0.664453125 0.81 0.05234375
CheckBox 0.946875 0.655078125 0.05375 0.03359375
LinearLayout 0.5 0.723828125 0.9475 0.05859375
ImageView 0.068125 0.723828125 0.06625 0.04140625
TextView 0.515 0.723828125 0.81 0.05234375
CheckBox 0.946875 0.714453125 0.05375 0.03359375
LinearLayout 0.5 0.783203125 0.9475 0.05859375
ImageView 0.068125 0.783203125 0.06625 0.04140625
TextView 0.515 0.783203125 0.81 0.05234375
CheckBox 0.946875 0.773828125 0.05375 0.03359375
LinearLayout 0.5 0.842578125 0.9475 0.05859375
ImageView 0.068125 0.842578125 0.06625 0.04140625
TextView 0.515 0.842578125 0.81 0.05234375
CheckBox 0.946875 0.833203125 0.05375 0.03359375
LinearLayout 0.5 0.901953125 0.9475 0.05859375
ImageView 0.068125 0.901953125 0.06625 0.04140625
TextView 0.515 0.901953125 0.81 0.05234375
CheckBox 0.946875 0.892578125 0.05375 0.03359375
LinearLayout 0.5 0.941015625 0.9475 0.01796875
