FrameLayout 0.5 0.475 1.0 0.95
View 0.5 0.475 1.0 0.95
FrameLayout 0.5 0.055078125 1.0 0.05859375
View 0.5 0.055078125 1.0 0.05859375
LinearLayout 0.21875 0.055078125 0.4375 0.05859375
FrameLayout 0.05375 0.055078125 0.1075 0.05859375
ImageView 0.013125 0.055078125 0.02625 0.01640625
ImageView 0.06 0.0546875 0.08 0.05
LinearLayout 0.2725 0.055078125 0.33 0.02578125
TextView 0.265625 0.055078125 0.31625 0.02578125
LinearLayout 0.946875 0.055078125 0.10625 0.05859375
ImageButton 0.946875 0.055078125 0.10625 0.05859375
FrameLayout 0.5 0.5171875 1.0 0.865625
RelativeLayout 0.5 0.5171875 1.0 0.865625
ListView 0.5 0.5171875 0.9475 0.8328125
LinearLayout 0.5 0.0984375 0.9475 0.0421875
ImageView 0.055 0.0984375 0.04 0.025
TextView 0.501875 0.0984375 0.83625 0.0359375
CheckBox 0.946875 0.097265625 0.05375 0.03359375
LinearLayout 0.5 0.149609375 0.9475 0.05859375
ImageView 0.068125 0.149609375 0.06625 0.04140625
TextView 0.515 0.149609375 0.81 0.05234375
CheckBox 0.946875 0.140234375 0.05375 0.03359375
LinearLayout 0.5 0.208984375 0.9475 0.05859375
ImageView 0.068125 0.208984375 0.06625 0.04140625
TextView 0.515 0.208984375 0.81 0.05234375
CheckBox 0.946875 0.199609375 0.05375 0.03359375
LinearLayout 0.5 0.268359375 0.9475 0.05859375
ImageView 0.068125 0.268359375 0.06625 0.04140625
TextView 0.515 0.268359375 0.81 0.05234375
CheckBox 0.946875 0.258984375 0.05375 0.03359375
LinearLayout 0.5 0.327734375 0.9475 0.05859375
ImageView 0.068125 0.327734375 0.06625 0.04140625
TextView 0.515 0.327734375 0.81 0.05234375
CheckBox 0.946875 0.318359375 0.05375 0.03359375
LinearLayout 0.5 0.387109375 0.9475 0.05859375
ImageView 0.068125 0.387109375 0.06625 0.04140625
TextView 0.515 0.387109375 0.81 0.05234375
CheckBox 0.946875 0.377734375 0.05375 0.03359375
LinearLayout 0.5 0.446484375 0.9475 0.05859375
ImageView 0.068125 0.446484375 0.06625 0.04140625
TextView 0.515 0.446484375 0.81 0.05234375
CheckBox 0.946875 0.437109375 0.05375 0.03359375
LinearLayout 0.5 0.505859375 0.9475 0.05859375
ImageView 0.068125 0.505859375 0.06625 0.04140625
TextView 0.515 0.505859375 0.81 0.05234375
CheckBox 0.946875 0.496484375 0.05375 0.03359375
LinearLayout 0.5 0.565234375 0.9475 0.05859375
ImageView 0.068125 0.565234375 0.06625 0.04140625
TextView 0.515 0.565234375 0.81 0.05234375
CheckBox 0.946875 0.555859375 0.05375 0.03359375
LinearLayout 0.5 0.616015625 0.9475 0.04140625
ImageView 0.068125 0.616015625 0.06625 0.02421875
TextView 0.515 0.616015625 0.81 0.03515625
CheckBox 0.946875 0.615234375 0.05375 0.03359375
LinearLayout 0.5 0.666796875 0.9475 0.05859375
ImageView 0.068125 0.666796875 0.06625 0.04140625
TextView 0.515 0.666796875 0.81 0.05234375
CheckBox 0.946875 0.657421875 0.05375 0.03359375
LinearLayout 0.5 0.726171875 0.9475 0.05859375
ImageView 0.068125 0.726171875 0.06625 0.04140625
TextView 0.515 0.726171875 0.81 0.05234375
CheckBox 0.946875 0.716796875 0.05375 0.03359375
LinearLayout 0.5 0.785546875 0.9475 0.05859375
ImageView 0.068125 0.785546875 0.06625 0.04140625
TextView 0.515 0.785546875 0.81 0.05234375
CheckBox 0.946875 0.776171875 0.05375 0.03359375
LinearLayout 0.5 0.844921875 0.9475 0.05859375
ImageView 0.068125 0.844921875 0.06625 0.04140625
TextView 0.515 0.844921875 0.81 0.05234375
CheckBox 0.946875 0.835546875 0.05375 0.03359375
LinearLayout 0.5 0.904296875 0.9475 0.05859375
ImageView 0.068125 0.904296875 0.06625 0.04140625
TextView 0.515 0.904296875 0.81 0.05234375
CheckBox 0.946875 0.894921875 0.05375 0.03359375
