FrameLayout 0.5 0.475 1.0 0.95
View 0.5 0.475 1.0 0.95
FrameLayout 0.5 0.055078125 1.0 0.05859375
View 0.5 0.055078125 1.0 0.05859375
LinearLayout 0.17125 0.055078125 0.315 0.05859375
FrameLayout 0.060625 0.055078125 0.09375 0.05859375
ImageView 0.06 0.0546875 0.08 0.05
LinearLayout 0.218125 0.055078125 0.22125 0.02578125
TextView 0.21125 0.055078125 0.2075 0.02578125
FrameLayout 0.5 0.5171875 1.0 0.865625
LinearLayout 0.5 0.5171875 1.0 0.865625
LinearLayout 0.5 0.110546875 1.0 0.05234375
EditText 0.373125 0.110546875 0.72875 0.04140625
Button 0.81375 0.11015625 0.135 0.05
Button 0.940625 0.11015625 0.10875 0.05
ListView 0.5 0.543359375 1.0 0.81328125
LinearLayout 0.5 0.166015625 1.0 0.05859375
ImageView 0.041875 0.166015625 0.06625 0.04140625
TextView 0.541875 0.166015625 0.91625 0.05234375
LinearLayout 0.5 0.225390625 1.0 0.05859375
ImageView 0.041875 0.225390625 0.06625 0.04140625
TextView 0.541875 0.225390625 0.91625 0.05234375
LinearLayout 0.5 0.284765625 1.0 0.05859375
ImageView 0.041875 0.284765625 0.06625 0.04140625
TextView 0.541875 0.284765625 0.91625 0.05234375
LinearLayout 0.5 0.344140625 1.0 0.05859375
ImageView 0.041875 0.344140625 0.06625 0.04140625
TextView 0.541875 0.344140625 0.91625 0.05234375
LinearLayout 0.5 0.403515625 1.0 0.05859375
ImageView 0.041875 0.403515625 0.06625 0.04140625
TextView 0.541875 0.403515625 0.91625 0.05234375
LinearLayout 0.5 0.462890625 1.0 0.05859375
ImageView 0.041875 0.462890625 0.06625 0.04140625
TextView 0.541875 0.462890625 0.91625 0.05234375
LinearLayout 0.5 0.522265625 1.0 0.05859375
ImageView 0.041875 0.522265625 0.06625 0.04140625
TextView 0.541875 0.522265625 0.91625 0.05234375
LinearLayout 0.5 0.581640625 1.0 0.05859375
ImageView 0.041875 0.581640625 0.06625 0.04140625
TextView 0.541875 0.581640625 0.91625 0.05234375
LinearLayout 0.5 0.641015625 1.0 0.05859375
ImageView 0.041875 0.641015625 0.06625 0.04140625
TextView 0.541875 0.641015625 0.91625 0.05234375
LinearLayout 0.5 0.700390625 1.0 0.05859375
ImageView 0.041875 0.700390625 0.06625 0.04140625
TextView 0.541875 0.700390625 0.91625 0.05234375
LinearLayout 0.5 0.759765625 1.0 0.05859375
ImageView 0.041875 0.759765625 0.06625 0.04140625
TextView 0.541875 0.759765625 0.91625 0.05234375
LinearLayout 0.5 0.819140625 1.0 0.05859375
ImageView 0.041875 0.819140625 0.06625 0.04140625
TextView 0.541875 0.819140625 0.91625 0.05234375
LinearLayout 0.5 0.878515625 1.0 0.05859375
ImageView 0.041875 0.878515625 0.06625 0.04140625
TextView 0.541875 0.878515625 0.91625 0.05234375
LinearLayout 0.5 0.929296875 1.0 0.04140625
ImageView 0.041875 0.93359375 0.06625 0.0328125
TextView 0.541875 0.930859375 0.91625 0.03828125
