FrameLayout 0.5 0.475 1.0 0.95
View 0.5 0.475 1.0 0.95
FrameLayout 0.5 0.055078125 1.0 0.05859375
View 0.5 0.055078125 1.0 0.05859375
LinearLayout 0.160625 0.055078125 0.29375 0.05859375
FrameLayout 0.060625 0.055078125 0.09375 0.05859375
ImageView 0.06 0.0546875 0.08 0.05
LinearLayout 0.2075 0.055078125 0.2 0.02578125
TextView 0.200625 0.055078125 0.18625 0.02578125
FrameLayout 0.5 0.5171875 1.0 0.865625
ScrollView 0.5 0.5171875 1.0 0.865625
TableLayout 0.5 0.510546875 1.0 0.87890625
TextView 0.5 0.081640625 1.0 0.02109375
EditText 0.5 0.112890625 1.0 0.04140625
CheckBox 0.5 0.150390625 1.0 0.03359375
CheckBox 0.5 0.183984375 1.0 0.03359375
CheckBox 0.5 0.217578125 1.0 0.03359375
CheckBox 0.5 0.251171875 1.0 0.03359375
CheckBox 0.5 0.284765625 1.0 0.03359375
CheckBox 0.5 0.318359375 1.0 0.03359375
Button 0.5 0.37890625 1.0 0.05
EditText 0.5 0.424609375 1.0 0.04140625
CheckBox 0.5 0.473828125 1.0 0.03359375
CheckBox 0.5 0.507421875 1.0 0.03359375
CheckBox 0.5 0.541015625 1.0 0.03359375
Button 0.5 0.59453125 1.0 0.05
EditText 0.5 0.640234375 1.0 0.04140625
TextView 0.5 0.683203125 1.0 0.02109375
RadioGroup 0.5 0.832421875 1.0 0.23515625
RadioButton 0.153125 0.75234375 0.17375 0.075
RadioButton 0.84625 0.827734375 0.175 0.07578125
RadioButton 0.153125 0.903125 0.17375 0.075
RadioButton 0.846875 0.9453125 0.17375 0.009375
