FrameLayout 0.5 0.475 1.0 0.95
View 0.5 0.475 1.0 0.95
FrameLayout 0.5 0.055078125 1.0 0.05859375
View 0.5 0.055078125 1.0 0.05859375
LinearLayout 0.205625 0.055078125 0.41125 0.05859375
HorizontalScrollView 0.15875 0.0609375 0.3175 0.046875
LinearLayout 0.15875 0.0609375 0.3175 0.046875
LinearLayout 0.168125 0.0609375 0.29875 0.046875
TextView 0.135 0.0609375 0.2075 0.046875
ImageButton 0.265625 0.060546875 0.05375 0.03359375
ImageButton 0.341875 0.0609375 0.09375 0.046875
LinearLayout 0.946875 0.055078125 0.10625 0.05859375
ImageButton 0.946875 0.055078125 0.10625 0.05859375
FrameLayout 0.5 0.5171875 1.0 0.865625
LinearLayout 0.5 0.5171875 1.0 0.865625
FrameLayout 0.5 0.114453125 1.0 0.06015625
RelativeLayout 0.5 0.114453125 1.0 0.06015625
RelativeLayout 0.5 0.114453125 1.0 0.06015625
LinearLayout 0.5 0.109375 1.0 0.05
LinearLayout 0.41875 0.109375 0.8375 0.05
ImageView 0.029375 0.108984375 0.05375 0.02109375
ImageView 0.083125 0.108984375 0.05375 0.03359375
EditText 0.31 0.109375 0.4 0.05
ImageButton 0.550625 0.109375 0.08125 0.05
LinearLayout 0.121875 0.109375 0.24375 0.05
ImageButton 0.040625 0.109375 0.08125 0.05
ImageButton 0.121875 0.109375 0.08125 0.05
ImageButton 0.203125 0.109375 0.08125 0.05
ImageButton 0.878125 0.109375 0.08125 0.05
ImageButton 0.959375 0.109375 0.08125 0.05
ImageView 0.5 0.133984375 1.0 0.02109375
FrameLayout 0.5 0.5421875 1.0 0.815625
LinearLayout 0.5 0.5421875 1.0 0.815625
FrameLayout 0.5 0.5421875 1.0 0.815625
WebView 0.5 0.5421875 1.0 0.815625
