FrameLayout 0.5 0.475 1.0 0.95
View 0.5 0.475 1.0 0.95
FrameLayout 0.5 0.055078125 1.0 0.05859375
View 0.5 0.055078125 1.0 0.05859375
LinearLayout 0.275625 0.055078125 0.52375 0.05859375
FrameLayout 0.06125 0.055078125 0.095 0.05859375
ImageView 0.061875 0.055078125 0.08125 0.05078125
LinearLayout 0.323125 0.055078125 0.42875 0.02578125
TextView 0.31625 0.055078125 0.415 0.02578125
LinearLayout 0.946875 0.055078125 0.10625 0.05859375
ImageButton 0.946875 0.055078125 0.10625 0.05859375
FrameLayout 0.5 0.5171875 1.0 0.865625
LinearLayout 0.5 0.169921875 1.0 0.17109375
TableRow 0.5 0.11953125 0.9675 0.05
Button 0.191875 0.11953125 0.35125 0.05
Button 0.5225 0.11953125 0.31 0.05
Button 0.830625 0.11953125 0.30625 0.05
ListView 0.5 0.205078125 1.0 0.10078125
TextView 0.5 0.1796875 1.0 0.05
TextView 0.5 0.23046875 1.0 0.05
