FrameLayout 0.5 0.475 1.0 0.95
View 0.5 0.475 1.0 0.95
FrameLayout 0.5 0.055078125 1.0 0.05859375
View 0.5 0.055078125 1.0 0.05859375
LinearLayout 0.160625 0.055078125 0.29375 0.05859375
FrameLayout 0.060625 0.055078125 0.09375 0.05859375
ImageView 0.06 0.0546875 0.08 0.05
LinearLayout 0.2075 0.055078125 0.2 0.02578125
TextView 0.200625 0.055078125 0.18625 0.02578125
FrameLayout 0.5 0.5171875 1.0 0.865625
ScrollView 0.5 0.5171875 1.0 0.865625
TableLayout 0.5 0.475 1.0 0.95
CheckBox 0.5 0.080859375 1.0 0.03359375
CheckBox 0.5 0.114453125 1.0 0.03359375
CheckBox 0.5 0.148046875 1.0 0.03359375
Button 0.5 0.20859375 1.0 0.05
CheckBox 0.5 0.250390625 1.0 0.03359375
Button 0.5 0.30390625 1.0 0.05
EditText 0.5 0.349609375 1.0 0.04140625
TextView 0.5 0.392578125 1.0 0.02109375
RadioGroup 0.5 0.624609375 1.0 0.40078125
RadioButton 0.153125 0.46171875 0.17375 0.075
RadioButton 0.84625 0.537109375 0.175 0.07578125
RadioButton 0.153125 0.6125 0.17375 0.075
RadioButton 0.846875 0.6875 0.17375 0.075
RadioButton 0.173125 0.775 0.21375 0.1
LinearLayout 0.5 0.898046875 1.0 0.10390625
Button 0.25 0.880859375 0.5 0.06953125
Button 0.75 0.880859375 0.5 0.06953125
