FrameLayout 0.5 0.475 1.0 0.95
View 0.5 0.475 1.0 0.95
FrameLayout 0.5 0.055078125 1.0 0.05859375
View 0.5 0.055078125 1.0 0.05859375
LinearLayout 0.16125 0.055078125 0.295 0.05859375
FrameLayout 0.06125 0.055078125 0.095 0.05859375
ImageView 0.061875 0.055078125 0.08125 0.05078125
LinearLayout 0.20875 0.055078125 0.2 0.02578125
TextView 0.201875 0.055078125 0.18625 0.02578125
FrameLayout 0.5 0.5171875 1.0 0.865625
LinearLayout 0.5 0.5171875 1.0 0.865625
TableRow 0.5 0.109375 1.0 0.05
Button 0.5 0.109375 1.0 0.05
TableRow 0.5 0.16484375 0.9825 0.05
Button 0.226875 0.16484375 0.43625 0.05
Button 0.718125 0.16484375 0.54625 0.05
TableRow 0.5 0.2203125 1.0 0.05
Button 0.265 0.2203125 0.53 0.05
Button 0.765 0.2203125 0.47 0.05
TableRow 0.279375 0.255859375 0.55875 0.02109375
TextView 0.279375 0.255859375 0.55875 0.02109375
