FrameLayout 0.5 0.475 1.0 0.95
View 0.5 0.475 1.0 0.95
FrameLayout 0.5 0.055078125 1.0 0.05859375
View 0.5 0.055078125 1.0 0.05859375
LinearLayout 0.205625 0.055078125 0.41125 0.05859375
HorizontalScrollView 0.15875 0.0609375 0.3175 0.046875
LinearLayout 0.15875 0.0609375 0.3175 0.046875
LinearLayout 0.168125 0.0609375 0.29875 0.046875
TextView 0.135 0.0609375 0.2075 0.046875
ImageButton 0.265625 0.060546875 0.05375 0.03359375
ImageButton 0.341875 0.0609375 0.09375 0.046875
LinearLayout 0.946875 0.055078125 0.10625 0.05859375
ImageButton 0.946875 0.055078125 0.10625 0.05859375
FrameLayout 0.5 0.5171875 1.0 0.865625
LinearLayout 0.5 0.5171875 1.0 0.865625
FrameLayout 0.5 0.109375 1.0 0.05
RelativeLayout 0.5 0.109375 1.0 0.05
RelativeLayout 0.5 0.109375 1.0 0.05
LinearLayout 0.5 0.109375 1.0 0.05
LinearLayout 0.121875 0.109375 0.24375 0.05
ImageButton 0.040625 0.109375 0.08125 0.05
ImageButton 0.121875 0.109375 0.08125 0.05
ImageButton 0.203125 0.109375 0.08125 0.05
LinearLayout 0.540625 0.109375 0.59375 0.05
ImageView 0.273125 0.108984375 0.05375 0.02109375
ImageView 0.326875 0.108984375 0.05375 0.03359375
EditText 0.55375 0.109375 0.4 0.05
ImageButton 0.794375 0.109375 0.08125 0.05
ImageButton 0.878125 0.109375 0.08125 0.05
ImageButton 0.959375 0.109375 0.08125 0.05
FrameLayout 0.5 0.5421875 1.0 0.815625
LinearLayout 0.5 0.5421875 1.0 0.815625
FrameLayout 0.5 0.5421875 1.0 0.815625
View 0.5 0.504296875 1.0 0.73984375
View 0.0075 0.148828125 0.015 0.02890625
Button 0.948125 0.156640625 0.06625 0.02109375
View 0.860625 0.156640625 0.09625 0.02109375
View 0.499375 0.151953125 0.96125 0.01171875
View 0.499375 0.165625 0.96125 0.0125
View 0.1875 0.165234375 0.2425 0.01171875
View 0.355625 0.165234375 0.09625 0.01171875
View 0.4125 0.165234375 0.02 0.01171875
View 0.44375 0.165234375 0.0425 0.01171875
View 0.46625 0.165234375 0.005 0.01171875
View 0.5 0.203515625 1.0 0.04296875
View 0.034375 0.203515625 0.03125 0.01953125
View 0.100625 0.203125 0.06125 0.0234375
View 0.18375 0.203125 0.065 0.0234375
View 0.2625 0.203125 0.0525 0.0234375
View 0.35125 0.203125 0.0875 0.0234375
View 0.43875 0.203125 0.05 0.0234375
View 0.79875 0.203125 0.365 0.0234375
View 0.729375 0.202734375 0.22625 0.02265625
View 0.729375 0.20390625 0.22625 0.0203125
View 0.665625 0.203515625 0.09625 0.01953125
View 0.7775 0.203515625 0.1275 0.01953125
EditText 0.7775 0.203515625 0.1275 0.01953125
View 0.880625 0.203125 0.04875 0.0125
View 0.91625 0.203125 0.015 0.0125
View 0.95375 0.203125 0.055 0.0125
View 0.5 0.50703125 1.0 0.5640625
ListView 0.824375 0.2453125 0.31375 0.0171875
View 0.721875 0.2453125 0.10875 0.0171875
View 0.705 0.2453125 0.075 0.0171875
View 0.75875 0.2453125 0.035 0.0171875
View 0.831875 0.2453125 0.09375 0.0171875
View 0.815 0.2453125 0.06 0.0171875
View 0.861875 0.2453125 0.03375 0.0171875
View 0.934375 0.2453125 0.09375 0.0171875
View 0.9175 0.2453125 0.06 0.0171875
View 0.96375 0.2453125 0.035 0.0171875
View 0.101875 0.244921875 0.16625 0.01640625
View 0.054375 0.24453125 0.03625 0.0140625
View 0.079375 0.24453125 0.00875 0.0140625
View 0.13625 0.24453125 0.1 0.0140625
View 0.499375 0.276171875 0.96125 0.02421875
View 0.059375 0.276171875 0.08125 0.02421875
View 0.1575 0.276171875 0.115 0.02421875
View 0.288125 0.276171875 0.14875 0.02421875
View 0.42125 0.276171875 0.12 0.02421875
View 0.52 0.276171875 0.0775 0.02421875
Button 0.60375 0.276171875 0.0925 0.02421875
View 0.425625 0.311328125 0.81375 0.02421875
View 0.499375 0.3375 0.96125 0.021875
View 0.098125 0.3328125 0.15875 0.0109375
View 0.215625 0.3328125 0.07875 0.0109375
View 0.259375 0.3328125 0.01125 0.0109375
View 0.2975 0.3328125 0.0675 0.0109375
View 0.866875 0.54765625 0.22625 0.3734375
View 0.866875 0.372265625 0.22625 0.02265625
EditText 0.866875 0.3984375 0.20375 0.0171875
ListView 0.866875 0.573828125 0.22375 0.31953125
View 0.866875 0.42421875 0.22375 0.0203125
View 0.866875 0.42421875 0.22375 0.0203125
View 0.866875 0.44453125 0.22375 0.0203125
View 0.866875 0.44453125 0.22375 0.0203125
View 0.866875 0.46484375 0.22375 0.0203125
View 0.866875 0.46484375 0.22375 0.0203125
View 0.866875 0.48515625 0.22375 0.0203125
View 0.866875 0.48515625 0.22375 0.0203125
View 0.866875 0.505078125 0.22375 0.01953125
View 0.866875 0.505078125 0.22375 0.01953125
View 0.866875 0.525 0.22375 0.0203125
View 0.866875 0.525 0.22375 0.0203125
View 0.866875 0.5453125 0.22375 0.0203125
View 0.866875 0.5453125 0.22375 0.0203125
View 0.866875 0.565625 0.22375 0.0203125
View 0.866875 0.565625 0.22375 0.0203125
View 0.866875 0.5859375 0.22375 0.0203125
View 0.866875 0.5859375 0.22375 0.0203125
View 0.866875 0.60625 0.22375 0.0203125
View 0.866875 0.60625 0.22375 0.0203125
View 0.866875 0.6265625 0.22375 0.0203125
View 0.866875 0.6265625 0.22375 0.0203125
View 0.866875 0.646875 0.22375 0.0203125
View 0.866875 0.646875 0.22375 0.0203125
View 0.866875 0.666796875 0.22375 0.01953125
View 0.866875 0.666796875 0.22375 0.01953125
View 0.866875 0.68671875 0.22375 0.0203125
View 0.866875 0.68671875 0.22375 0.0203125
View 0.866875 0.70703125 0.22375 0.0203125
View 0.866875 0.70703125 0.22375 0.0203125
View 0.866875 0.725390625 0.22375 0.01640625
View 0.866875 0.725390625 0.22375 0.01640625
View 0.866875 0.759375 0.22625 0.0125
View 0.849375 0.78046875 0.19125 0.0171875
EditText 0.849375 0.78046875 0.19125 0.0171875
Button 0.9625 0.78046875 0.035 0.0171875
View 0.361875 0.368359375 0.68625 0.01484375
View 0.361875 0.392578125 0.68625 0.01484375
View 0.079375 0.392578125 0.12125 0.01171875
View 0.351875 0.392578125 0.42625 0.01171875
View 0.361875 0.416796875 0.68625 0.01484375
View 0.1125 0.4171875 0.1875 0.0125
View 0.38375 0.4171875 0.3575 0.0125
View 0.361875 0.44921875 0.68625 0.0296875
View 0.073125 0.44140625 0.10875 0.0125
View 0.3775 0.44140625 0.5025 0.0125
View 0.35875 0.448828125 0.68 0.02734375
View 0.361875 0.480859375 0.68625 0.01484375
View 0.361875 0.505078125 0.68625 0.01484375
View 0.051875 0.50546875 0.06625 0.0125
View 0.1075 0.50546875 0.0475 0.0125
View 0.244375 0.50546875 0.22875 0.0125
View 0.499375 0.84375 0.96125 0.0609375
ListView 0.83625 0.84453125 0.29 0.0109375
View 0.731875 0.844140625 0.08125 0.01015625
View 0.73125 0.84375 0.0825 0.009375
View 0.794375 0.844140625 0.01875 0.01015625
View 0.79375 0.84375 0.02 0.009375
View 0.838125 0.844140625 0.04375 0.01015625
View 0.8375 0.84375 0.045 0.009375
View 0.88625 0.844140625 0.0275 0.01015625
View 0.885625 0.84375 0.02875 0.009375
View 0.924375 0.844140625 0.02375 0.01015625
View 0.92375 0.84375 0.025 0.009375
View 0.965 0.844140625 0.0325 0.01015625
View 0.964375 0.84375 0.03375 0.009375
View 0.499375 0.844921875 0.02375 0.01484375
ListView 0.499375 0.84453125 0.96125 0.0109375
View 0.070625 0.844140625 0.10375 0.01015625
View 0.15125 0.844140625 0.035 0.01015625
View 0.15125 0.84375 0.035 0.009375
View 0.20125 0.844140625 0.04 0.01015625
View 0.2 0.84375 0.04 0.009375
View 0.254375 0.844140625 0.04375 0.01015625
View 0.25375 0.84375 0.045 0.009375
View 0.305 0.844140625 0.035 0.01015625
View 0.305 0.84375 0.035 0.009375
View 0.3475 0.844140625 0.025 0.01015625
View 0.34625 0.84375 0.025 0.009375
